camera_matrix: [893.509583 ,0.000000   ,632.748104 ,0.000000,
                0.000000   ,910.772888 ,393.341688 ,0.000000,
                0.000000   ,0.000000   ,1.000000   ,0.000000]

rlc:  [  0.9986295,  0.0000000,  0.0523360,
   0.0163897,  0.9496991, -0.3127346,
  -0.0497034,  0.3131638,  0.9483976 ]
tlc: [-0.0790913, -0.00362065, 0.0203788]


